P1 -0.0196336263 -0.0485949304 -0.065420239
P8 0.0780182408 -0.0566835699 -0.082679523
TP10 0.114645377 -0.037250541 -0.057669641
C6 0.0723264151 4.4287156399999995e-18 -0.019222794
TP8 0.0917159426 -0.0298003162 -0.062469118
FC1 -0.0237187629 0.0237187629 0.031742087
CP1 -0.0237187629 -0.0237187629 -0.045902162
C1 -0.024109434 1.47627706e-18 -0.019212794
PZ1 7.38254061e-18 -0.0602830189 -0.070255384
C5 -0.0723264151 4.4287156399999995e-18 -0.019212794
CPZ 2.95255411e-18 -0.024109434 -0.046685897
CZ 0.0 0.0 -0.0152
C2 0.024109434 1.47627706e-18 -0.019222794
P4 0.039579503 -0.0488766157 -0.019222794
P2 0.0196336263 -0.0485949304 -0.065969089
CP2 0.0237187629 -0.0237187629 -0.045903285
O1 -0.0298003162 -0.0917159426 -0.101339534
PO3 -0.0303082027 -0.071401651 -0.099612666
FC2 0.0237187629 0.0237187629 0.031742087
FC3 -0.0462764495 0.0246056247 0.032275106
F4 0.039579503 0.0488766157 0.064331736
FC4 0.0462764495 0.0246056247 0.032275106
TP9 -0.114645377 -0.037250541 -0.057745101
C4 0.0482188679 2.95255411e-18 -0.057965785
T9 -0.120545283 7.38126975e-18 -0.02032618
T7 -0.0964358491 5.90499269e-18 -0.02032618
FC5 -0.0694795214 0.0266706894 0.034304771
FT7 -0.0917159426 0.0298003162 0.029216848
FT9 -0.114645377 0.037250541 0.029216848
F5 -0.0593329888 0.0515773803 0.074739042
CP5 -0.0694795214 -0.0266706894 -0.058569299
C3 -0.0482188679 2.95255411e-18 -0.019212794
T10 0.120545283 7.38126975e-18 -0.02033618
T8 0.0964358491 5.90499269e-18 -0.02033618
FC6 0.0694795214 0.0266706894 0.034304771
FT8 0.0917159426 0.0298003162 0.029216848
F6 0.0593329888 0.0515773803 0.074739042
FT10 0.114645377 0.037250541 0.029216848
F8 0.0780182408 0.0566835699 0.064299545
F7 -0.0780182408 0.0566835699 0.064299545
O2 0.0298003162 -0.0917159426 -0.101153686
PO4 0.0303082027 -0.071401651 -0.099758074
TP7 -0.0917159426 -0.0298003162 -0.084582619
OZ 1.18099854e-17 -0.0964358491 -0.106027387
POZ 8.857431269999999e-18 -0.0723264151 -0.105024931
PZ2 5.90510823e-18 -0.0482188679 -0.089473621
PO8 0.0566835699 -0.0780182408 -0.084835162
FpZ 0.0 0.0964358491 0.1105
F1 -0.0196336263 0.0485949304 0.080169928
Fp2 0.0298003162 0.0917159426 0.10512061
Fp1 -0.0298003162 0.0917159426 0.10512061
AF7 -0.0593718371 0.0759924861 0.089452121
FZ 0.0 0.0482188679 0.08464996
AF3 -0.0303082027 0.071401651 0.09760625
CP6 0.0694795214 -0.0266706894 -0.058570958
P7 -0.0780182408 -0.0566835699 -0.082674042
AF8 0.0593718371 0.0759924861 0.089452121
AFZ 0.0 0.0723264151 0.106160131
AF4 0.0303082027 0.071401651 0.09760625
F2 0.0196336263 0.0485949304 0.080169928
P3 -0.039579503 -0.0488766157 -0.084432039
PO7 -0.0566835699 -0.0780182408 -0.084829426
F3 -0.039579503 0.0488766157 0.064331736
FCZ 0.0 0.024109434 0.041289417