    P1   -1.96336263e-02 -4.85949304e-02   0
    P8    7.80182408e-02 -5.66835699e-02   0
  TP10    1.14645377e-01 -3.72505410e-02   0
    C6    7.23264151e-02  4.42871564e-18   0
   TP8    9.17159426e-02 -2.98003162e-02   0
   FC1   -2.37187629e-02  2.37187629e-02   0
   CP1   -2.37187629e-02 -2.37187629e-02   0
    C1   -2.41094340e-02  1.47627706e-18   0
   PZ1    7.38254061e-18 -6.02830189e-02   0
    C5   -7.23264151e-02  4.42871564e-18   0
   CPZ    2.95255411e-18 -2.41094340e-02   0
    CZ    0.00000000e+00  0.00000000e+00   0
    C2    2.41094340e-02  1.47627706e-18   0
    P4    3.95795030e-02 -4.88766157e-02   0
    P2    1.96336263e-02 -4.85949304e-02   0
   CP2    2.37187629e-02 -2.37187629e-02   0
    O1   -2.98003162e-02 -9.17159426e-02   0
   PO3   -3.03082027e-02 -7.14016510e-02   0
   FC2    2.37187629e-02  2.37187629e-02   0
   FC3   -4.62764495e-02  2.46056247e-02   0
    F4    3.95795030e-02  4.88766157e-02   0
   FC4    4.62764495e-02  2.46056247e-02   0
   TP9   -1.14645377e-01 -3.72505410e-02   0
    C4    4.82188679e-02  2.95255411e-18   0
    T9   -1.20545283e-01  7.38126975e-18   0
    T7   -9.64358491e-02  5.90499269e-18   0
   FC5   -6.94795214e-02  2.66706894e-02   0
   FT7   -9.17159426e-02  2.98003162e-02   0
   FT9   -1.14645377e-01  3.72505410e-02   0
    F5   -5.93329888e-02  5.15773803e-02   0
   CP5   -6.94795214e-02 -2.66706894e-02   0
    C3   -4.82188679e-02  2.95255411e-18   0
   T10    1.20545283e-01  7.38126975e-18   0
    T8    9.64358491e-02  5.90499269e-18   0
   FC6    6.94795214e-02  2.66706894e-02   0
   FT8    9.17159426e-02  2.98003162e-02   0
    F6    5.93329888e-02  5.15773803e-02   0
  FT10    1.14645377e-01  3.72505410e-02   0
    F8    7.80182408e-02  5.66835699e-02   0
    F7   -7.80182408e-02  5.66835699e-02   0
    O2    2.98003162e-02 -9.17159426e-02   0
   PO4    3.03082027e-02 -7.14016510e-02   0
   TP7   -9.17159426e-02 -2.98003162e-02   0
    OZ    1.18099854e-17 -9.64358491e-02   0
   POZ    8.85743127e-18 -7.23264151e-02   0
   PZ2    5.90510823e-18 -4.82188679e-02   0
   PO8    5.66835699e-02 -7.80182408e-02   0
   FpZ    0.00000000e+00  9.64358491e-02   0
    F1   -1.96336263e-02  4.85949304e-02   0
   Fp2    2.98003162e-02  9.17159426e-02   0
   Fp1   -2.98003162e-02  9.17159426e-02   0
   AF7   -5.93718371e-02  7.59924861e-02   0
    FZ    0.00000000e+00  4.82188679e-02   0
   AF3   -3.03082027e-02  7.14016510e-02   0
   CP6    6.94795214e-02 -2.66706894e-02   0
    P7   -7.80182408e-02 -5.66835699e-02   0
   AF8    5.93718371e-02  7.59924861e-02   0
   AFZ    0.00000000e+00  7.23264151e-02   0
   AF4    3.03082027e-02  7.14016510e-02   0
    F2    1.96336263e-02  4.85949304e-02   0
    P3   -3.95795030e-02 -4.88766157e-02   0
   PO7   -5.66835699e-02 -7.80182408e-02   0
    F3   -3.95795030e-02  4.88766157e-02   0
   FCZ    0.00000000e+00  2.41094340e-02   0